[
    {
        "camera_internal": {
            "fx": 1002.84,
            "fy": 1002.63,
            "cx": 958.106,
            "cy": 531.617
        },
        "width": 1920,
        "height": 1080,
        "camera_external": [
        0.7513351604128862,
    0.20393629813321398,
    -0.627617343763749,
    0.0,
    0.6598630625498996,
    -0.219618767014315,
    0.7185746764704624,
    0.0,
    0.008707735109903112,
    -0.9540333906620094,
    -0.29957653100410814,
    0.0,
    -0.6397125165291909,
    -0.34024952867572145,
    -1.4188963703323947,
    1.0
        ],
        "rowMajor": false
    },
    {
        "camera_internal": {
           "fx": 1002.84,
            "fy": 1002.63,
            "cx": 958.106,
            "cy": 531.617

        },
        "width": 1920,
        "height": 1080,
        "camera_external": [
            0.995461,
    0.03333040000000002,
    0.08913219999999998,
    0.0,
    -0.06695449999999999,
    -0.42026399999999997,
    0.9049289999999999,
    0.0,
    0.06762049999999999,
    -0.906791,
    -0.4161239999999999,
    0.0,
    0.03126039999999996,
    -0.09287750000000027,
    -1.5954899999999999,
    1.0
        ],
        "rowMajor": false
    },
    {
        "camera_internal": {
           "fx": 1002.84,
            "fy": 1002.63,
            "cx": 958.106,
            "cy": 531.617

        },
        "width": 1920,
        "height": 1080,
        "camera_external": [
      0.687514719833255,
    -0.28139896470211434,
    0.6694297572107021,
    0.0,
    -0.7125944502118107,
    -0.08401864463384023,
    0.6965279941886541,
    0.0,
    -0.13975899192283792,
    -0.955906364465666,
    -0.2582868165973546,
    0.0,
    0.44200533683691945,
    -0.4532595223394098,
    -1.4911147419770718,
    1.0
        ],
        "rowMajor": false
    },
    {
        "camera_internal": {
            "fx": 1002.84,
            "fy": 1002.63,
            "cx": 958.106,
            "cy": 531.617

        },
        "width": 1920,
        "height": 1080,
        "camera_external": [
        -0.7544938137602802,
    0.1686368503021772,
    -0.6342702617020828,
    0.0,
    0.5654095416315571,
    0.6577228094133466,
    -0.4977087361265189,
    0.0,
    0.3332433274138074,
    -0.7341405612253161,
    -0.5915979666760202,
    0.0,
    -0.7313375258460049,
    -1.2984092251538601,
    -0.10952111784831642,
    1.0
        ],
        "rowMajor": false
    },
 {
        "camera_internal": {
          "fx": 1002.84,
            "fy": 1002.63,
            "cx": 958.106,
            "cy": 531.617

        },
        "width": 1920,
        "height": 1080,
        "camera_external": [
        -0.9999806216912804,
    -0.005981438362864988,
    0.0010226431595204513,
    0.0,
    -0.0033265052266696973,
    0.39935888962013866,
    -0.9167893113750819,
    0.0,
    0.005075502041993091,
    -0.9167754417003181,
    -0.3993728356454132,
    0.0,
    -0.05807609720890973,
    -0.20107094365715494,
    -1.541923475776857,
    1.0
        ],
        "rowMajor": false
    },
 {
        "camera_internal": {
          "fx": 1002.84,
            "fy": 1002.63,
            "cx": 958.106,
            "cy": 531.617

        },
        "width": 1920,
        "height": 1080,
        "camera_external": [
         -0.702850886836191,
    -0.1668316016490262,
    0.69149541916545,
    0.0,
    -0.6411013534925113,
    0.569754975867398,
    -0.5141687970225941,
    0.0,
    -0.3082045064922453,
    -0.8047027324695925,
    -0.5074102163054006,
    0.0,
    0.9376241806412642,
    -1.1761575296493283,
    -0.2039639256975747,
    1.0
        ],
        "rowMajor": false
    }

]